c = [0;-2;0;0;0]
A = [-1 1 1 0 0;-1 0 2 -2 -1;1 -2 0 0 -2;-1 0 2 -2 -1;-1 -2 -2 -2 -1]
b = [3;2;4;3;3]
d = [-4;-2;-3;-5;-2]

LINPROG solution:
ROx = [-4;-2;-3;-5;21]
ROval = 4
lambda =
  lower: [0;2;0;0;0]
  upper: [0;0;0;0;0]
  ineqlin: [0;0;0;0;0]

<strong>>>> TABELKA DLA ZD (w postaci standardowej): <<<</strong>
  c  |   -3      -2      -4      -3      -3      -4      -2      -3      -5      -2      
base |   y1      y2      y3      y4      y5      y6      y7      y8      y9      y10     b
----------------------------------------------------------------------------------------------
 y0  |  1.000   1.000  -1.000   1.000   1.000   1.000   0.000   0.000   0.000   0.000 | -0.000
 y0  | -1.000  -0.000   2.000  -0.000   2.000   0.000   1.000   0.000   0.000   0.000 |  2.000
 y0  | -1.000  -2.000  -0.000  -2.000   2.000   0.000   0.000   1.000   0.000   0.000 | -0.000
 y0  | -0.000   2.000  -0.000   2.000   2.000   0.000   0.000   0.000   1.000   0.000 | -0.000
 y0  | -0.000   1.000   2.000   1.000   1.000   0.000   0.000   0.000   0.000   1.000 | -0.000
==============================================================================================

<strong>>>>>> FAZA I <<<<<</strong>
<strong>Step 0</strong>
  c  |   0       0       0       0       0       0       0       0       0       0       
base |   y1      y2      y3      y4      y5      y6      y7      y8      y9      y10     b
----------------------------------------------------------------------------------------------
 y6  |  1.000   1.000  -1.000   1.000   1.000   1.000   0.000   0.000   0.000   0.000 | -0.000
 y7  | -1.000  -0.000   2.000  -0.000   2.000   0.000   1.000   0.000   0.000   0.000 |  2.000
 y8  | -1.000  -2.000  -0.000  -2.000   2.000   0.000   0.000   1.000   0.000   0.000 | -0.000
 y9  | -0.000   2.000  -0.000   2.000   2.000   0.000   0.000   0.000   1.000   0.000 | -0.000
 y10 | -0.000   1.000   2.000   1.000   1.000   0.000   0.000   0.000   0.000   1.000 | -0.000
----------------------------------------------------------------------------------------------
  z  |  0.000   0.000   0.000   0.000   0.000   0.000   0.000   0.000   0.000   0.000 |
 z-c |  0.000   0.000   0.000   0.000   0.000   0.000   0.000   0.000   0.000   0.000 |
==============================================================================================

<strong>Faza I zakończona (B1) - zmienne sztuczne wyeliminowane.</strong>

<strong>>>>>> FAZA II <<<<<</strong>
<strong>Step 1</strong>
  c  |   -3      -2      -4      -3      -3      -4      -2      -3      -5      -2      
base |   y1      y2      y3      y4      y5      y6      y7      y8      y9      y10     b
----------------------------------------------------------------------------------------------
 y6  |  1.000   1.000  -1.000   1.000   1.000   1.000   0.000   0.000   0.000   0.000 | -0.000
 y7  | -1.000  -0.000   2.000  -0.000   2.000   0.000   1.000   0.000   0.000   0.000 |  2.000
 y8  | -1.000  -2.000  -0.000  -2.000   2.000   0.000   0.000   1.000   0.000   0.000 | -0.000
 y9  | -0.000   2.000  -0.000   2.000   2.000   0.000   0.000   0.000   1.000   0.000 | -0.000
 y10 | -0.000   1.000   2.000   1.000   1.000   0.000   0.000   0.000   0.000   1.000 | -0.000
----------------------------------------------------------------------------------------------
  z  |  1.000 -10.000  -4.000 -10.000 -26.000  -4.000  -2.000  -3.000  -5.000  -2.000 |
 z-c |  4.000  -8.000   0.000  -7.000 -23.000   0.000   0.000   0.000   0.000   0.000 |
==============================================================================================

<strong>Step 2</strong>
out: y6, in: y5
  c  |   -3      -2      -4      -3      -3      -4      -2      -3      -5      -2      
base |   y1      y2      y3      y4      y5      y6      y7      y8      y9      y10     b
----------------------------------------------------------------------------------------------
 y5  |  1.000   1.000  -1.000   1.000   1.000   1.000   0.000   0.000   0.000   0.000 | -0.000
 y7  | -3.000  -2.000   4.000  -2.000   0.000  -2.000   1.000   0.000   0.000   0.000 |  2.000
 y8  | -3.000  -4.000   2.000  -4.000   0.000  -2.000   0.000   1.000   0.000   0.000 |  0.000
 y9  | -2.000   0.000   2.000   0.000   0.000  -2.000   0.000   0.000   1.000   0.000 |  0.000
 y10 | -1.000   0.000   3.000   0.000   0.000  -1.000   0.000   0.000   0.000   1.000 |  0.000
----------------------------------------------------------------------------------------------
  z  | 24.000  13.000 -27.000  13.000  -3.000  19.000  -2.000  -3.000  -5.000  -2.000 |
 z-c | 27.000  15.000 -23.000  16.000   0.000  23.000   0.000   0.000   0.000   0.000 |
==============================================================================================

<strong>Step 3</strong>
out: y8, in: y3
  c  |   -3      -2      -4      -3      -3      -4      -2      -3      -5      -2      
base |   y1      y2      y3      y4      y5      y6      y7      y8      y9      y10     b
----------------------------------------------------------------------------------------------
 y5  | -0.500  -1.000   0.000  -1.000   1.000   0.000   0.000   0.500   0.000   0.000 |  0.000
 y7  |  3.000   6.000   0.000   6.000   0.000   2.000   1.000  -2.000   0.000   0.000 |  2.000
 y3  | -1.500  -2.000   1.000  -2.000   0.000  -1.000   0.000   0.500   0.000   0.000 |  0.000
 y9  |  1.000   4.000   0.000   4.000   0.000   0.000   0.000  -1.000   1.000   0.000 |  0.000
 y10 |  3.500   6.000   0.000   6.000   0.000   2.000   0.000  -1.500   0.000   1.000 |  0.000
----------------------------------------------------------------------------------------------
  z  |-10.500 -33.000  -4.000 -33.000  -3.000  -4.000  -2.000   8.500  -5.000  -2.000 |
 z-c | -7.500 -31.000   0.000 -30.000   0.000   0.000   0.000  11.500   0.000   0.000 |
==============================================================================================

<strong>Step 4</strong>
out: y9, in: y2
  c  |   -3      -2      -4      -3      -3      -4      -2      -3      -5      -2      
base |   y1      y2      y3      y4      y5      y6      y7      y8      y9      y10     b
----------------------------------------------------------------------------------------------
 y5  | -0.250   0.000   0.000   0.000   1.000   0.000   0.000   0.250   0.250   0.000 |  0.000
 y7  |  1.500   0.000   0.000   0.000   0.000   2.000   1.000  -0.500  -1.500   0.000 |  2.000
 y3  | -1.000   0.000   1.000   0.000   0.000  -1.000   0.000   0.000   0.500   0.000 |  0.000
 y2  |  0.250   1.000   0.000   1.000   0.000   0.000   0.000  -0.250   0.250   0.000 |  0.000
 y10 |  2.000   0.000   0.000   0.000   0.000   2.000   0.000   0.000  -1.500   1.000 |  0.000
----------------------------------------------------------------------------------------------
  z  | -2.750  -2.000  -4.000  -2.000  -3.000  -4.000  -2.000   0.750   2.750  -2.000 |
 z-c |  0.250   0.000   0.000   1.000   0.000   0.000   0.000   3.750   7.750   0.000 |
==============================================================================================

<strong>Faza II zakończona. Znalezione rozwiązanie:</strong>
ROy = [0;0;0;0;0;0;-2;0;0;0]
ROy_val = 4
ROx = [-4 -2 0.75 2.75 -2]
ROx_val = 4
SYMPLEKS solution:
ROx = [-4 -2 0.75 2.75 -2]
ROy = [0;0;0;0;0;0;-2;0;0;0]
