c = [0;1;-1;0;2]
A = [2 -2 0 -1 1;-2 0 -2 1 -1;-1 1 0 0 -1;-2 -1 -1 -2 -1;0 1 0 0 2]
b = [5;4;5;5;2]
d = [-5;-2;-3;-4;-4]

LINPROG solution:
ROx = [2.08333333333333;1.66666666666667;-3;-4;0.166666666666667]
ROval = 5
lambda =
  lower: [0;0;1;0;0]
  upper: [0;0;0;0;0]
  ineqlin: [0;0;0;0;1]

<strong>>>> TABELKA DLA ZD (w postaci standardowej): <<<</strong>
  c  |   -5      -4      -5      -5      -2      -5      -2      -3      -4      -4      
base |   y1      y2      y3      y4      y5      y6      y7      y8      y9      y10     b
----------------------------------------------------------------------------------------------
 y0  | -2.000   2.000   1.000   2.000  -0.000   1.000   0.000   0.000   0.000   0.000 | -0.000
 y0  | -2.000   0.000   1.000  -1.000   1.000  -0.000  -1.000  -0.000  -0.000  -0.000 |  1.000
 y0  | -0.000   2.000  -0.000   1.000  -0.000   0.000   0.000   1.000   0.000   0.000 |  1.000
 y0  |  1.000  -1.000  -0.000   2.000  -0.000   0.000   0.000   0.000   1.000   0.000 | -0.000
 y0  |  1.000  -1.000  -1.000  -1.000   2.000  -0.000  -0.000  -0.000  -0.000  -1.000 |  2.000
==============================================================================================

<strong>>>>>> FAZA I <<<<<</strong>
<strong>Step 0</strong>
  c  |   0       0       0       0       0       0       0       0       0       0       -1      -1      
base |   y1      y2      y3      y4      y5      y6      y7      y8      y9      y10     y11     y12     b
--------------------------------------------------------------------------------------------------------------
 y6  | -2.000   2.000   1.000   2.000  -0.000   1.000   0.000   0.000   0.000   0.000   0.000   0.000 | -0.000
 y11 | -2.000   0.000   1.000  -1.000   1.000  -0.000  -1.000  -0.000  -0.000  -0.000   1.000   0.000 |  1.000
 y8  | -0.000   2.000  -0.000   1.000  -0.000   0.000   0.000   1.000   0.000   0.000   0.000   0.000 |  1.000
 y9  |  1.000  -1.000  -0.000   2.000  -0.000   0.000   0.000   0.000   1.000   0.000   0.000   0.000 | -0.000
 y12 |  1.000  -1.000  -1.000  -1.000   2.000  -0.000  -0.000  -0.000  -0.000  -1.000   0.000   1.000 |  2.000
--------------------------------------------------------------------------------------------------------------
  z  |  1.000   1.000   0.000   2.000  -3.000   0.000   1.000   0.000   0.000   1.000  -1.000  -1.000 |
 z-c |  1.000   1.000   0.000   2.000  -3.000   0.000   1.000   0.000   0.000   1.000   0.000   0.000 |
==============================================================================================================

<strong>Step 1</strong>
out: y11, in: y5
  c  |   0       0       0       0       0       0       0       0       0       0       -1      -1      
base |   y1      y2      y3      y4      y5      y6      y7      y8      y9      y10     y11     y12     b
--------------------------------------------------------------------------------------------------------------
 y6  | -2.000   2.000   1.000   2.000   0.000   1.000   0.000   0.000   0.000   0.000   0.000   0.000 |  0.000
 y5  | -2.000   0.000   1.000  -1.000   1.000  -0.000  -1.000  -0.000  -0.000  -0.000   1.000   0.000 |  1.000
 y8  | -0.000   2.000   0.000   1.000   0.000   0.000   0.000   1.000   0.000   0.000   0.000   0.000 |  1.000
 y9  |  1.000  -1.000   0.000   2.000   0.000   0.000   0.000   0.000   1.000   0.000   0.000   0.000 |  0.000
 y12 |  5.000  -1.000  -3.000   1.000   0.000   0.000   2.000   0.000   0.000  -1.000  -2.000   1.000 |  0.000
--------------------------------------------------------------------------------------------------------------
  z  | -5.000   1.000   3.000  -1.000   0.000   0.000  -2.000   0.000   0.000   1.000   2.000  -1.000 |
 z-c | -5.000   1.000   3.000  -1.000   0.000   0.000  -2.000   0.000   0.000   1.000   3.000   0.000 |
==============================================================================================================

<strong>Step 2</strong>
out: y9, in: y1
  c  |   0       0       0       0       0       0       0       0       0       0       -1      -1      
base |   y1      y2      y3      y4      y5      y6      y7      y8      y9      y10     y11     y12     b
--------------------------------------------------------------------------------------------------------------
 y6  |  0.000   0.000   1.000   6.000   0.000   1.000   0.000   0.000   2.000   0.000   0.000   0.000 |  0.000
 y5  |  0.000  -2.000   1.000   3.000   1.000   0.000  -1.000   0.000   2.000   0.000   1.000   0.000 |  1.000
 y8  |  0.000   2.000   0.000   1.000   0.000   0.000   0.000   1.000   0.000   0.000   0.000   0.000 |  1.000
 y1  |  1.000  -1.000   0.000   2.000   0.000   0.000   0.000   0.000   1.000   0.000   0.000   0.000 |  0.000
 y12 |  0.000   4.000  -3.000  -9.000   0.000   0.000   2.000   0.000  -5.000  -1.000  -2.000   1.000 |  0.000
--------------------------------------------------------------------------------------------------------------
  z  |  0.000  -4.000   3.000   9.000   0.000   0.000  -2.000   0.000   5.000   1.000   2.000  -1.000 |
 z-c |  0.000  -4.000   3.000   9.000   0.000   0.000  -2.000   0.000   5.000   1.000   3.000   0.000 |
==============================================================================================================

<strong>Step 3</strong>
out: y12, in: y2
  c  |   0       0       0       0       0       0       0       0       0       0       -1      -1      
base |   y1      y2      y3      y4      y5      y6      y7      y8      y9      y10     y11     y12     b
--------------------------------------------------------------------------------------------------------------
 y6  |  0.000   0.000   1.000   6.000   0.000   1.000   0.000   0.000   2.000   0.000   0.000   0.000 |  0.000
 y5  |  0.000   0.000  -0.500  -1.500   1.000   0.000   0.000   0.000  -0.500  -0.500   0.000   0.500 |  1.000
 y8  |  0.000   0.000   1.500   5.500   0.000   0.000  -1.000   1.000   2.500   0.500   1.000  -0.500 |  1.000
 y1  |  1.000   0.000  -0.750  -0.250   0.000   0.000   0.500   0.000  -0.250  -0.250  -0.500   0.250 |  0.000
 y2  |  0.000   1.000  -0.750  -2.250   0.000   0.000   0.500   0.000  -1.250  -0.250  -0.500   0.250 |  0.000
--------------------------------------------------------------------------------------------------------------
  z  |  0.000   0.000   0.000   0.000   0.000   0.000   0.000   0.000   0.000   0.000   0.000   0.000 |
 z-c |  0.000   0.000   0.000   0.000   0.000   0.000   0.000   0.000   0.000   0.000   1.000   1.000 |
==============================================================================================================

<strong>Faza I zakończona (B1) - zmienne sztuczne wyeliminowane.</strong>

<strong>>>>>> FAZA II <<<<<</strong>
<strong>Step 4</strong>
  c  |   -5      -4      -5      -5      -2      -5      -2      -3      -4      -4      
base |   y1      y2      y3      y4      y5      y6      y7      y8      y9      y10     y11     y12     b
--------------------------------------------------------------------------------------------------------------
 y6  |  0.000   0.000   1.000   6.000   0.000   1.000   0.000   0.000   2.000   0.000   0.000   0.000 |  0.000
 y5  |  0.000   0.000  -0.500  -1.500   1.000   0.000   0.000   0.000  -0.500  -0.500   0.000   0.500 |  1.000
 y8  |  0.000   0.000   1.500   5.500   0.000   0.000  -1.000   1.000   2.500   0.500   1.000  -0.500 |  1.000
 y1  |  1.000   0.000  -0.750  -0.250   0.000   0.000   0.500   0.000  -0.250  -0.250  -0.500   0.250 |  0.000
 y2  |  0.000   1.000  -0.750  -2.250   0.000   0.000   0.500   0.000  -1.250  -0.250  -0.500   0.250 |  0.000
--------------------------------------------------------------------------------------------------------------
  z  | -5.000  -4.000  -1.750 -33.250  -2.000  -5.000  -1.500  -3.000 -10.250   1.750 |
 z-c |  0.000   0.000   3.250 -28.250   0.000   0.000   0.500   0.000  -6.250   5.750 |
==============================================================================================================

<strong>Step 5</strong>
out: y6, in: y4
  c  |   -5      -4      -5      -5      -2      -5      -2      -3      -4      -4      
base |   y1      y2      y3      y4      y5      y6      y7      y8      y9      y10     y11     y12     b
--------------------------------------------------------------------------------------------------------------
 y4  |  0.000   0.000   0.167   1.000   0.000   0.167   0.000   0.000   0.333   0.000   0.000   0.000 |  0.000
 y5  |  0.000   0.000  -0.250   0.000   1.000   0.250   0.000   0.000   0.000  -0.500   0.000   0.500 |  1.000
 y8  |  0.000   0.000   0.583   0.000   0.000  -0.917  -1.000   1.000   0.667   0.500   1.000  -0.500 |  1.000
 y1  |  1.000   0.000  -0.708   0.000   0.000   0.042   0.500   0.000  -0.167  -0.250  -0.500   0.250 |  0.000
 y2  |  0.000   1.000  -0.375   0.000   0.000   0.375   0.500   0.000  -0.500  -0.250  -0.500   0.250 |  0.000
--------------------------------------------------------------------------------------------------------------
  z  | -5.000  -4.000   2.958  -5.000  -2.000  -0.292  -1.500  -3.000  -0.833   1.750 |
 z-c |  0.000   0.000   7.958   0.000   0.000   4.708   0.500   0.000   3.167   5.750 |
==============================================================================================================

<strong>Faza II zakończona. Znalezione rozwiązanie:</strong>
ROy = [0;0;0;0;1;0;0;-1;0;0]
ROy_val = 5
ROx = [-0.291666666666667 -1.5 -3 -0.833333333333333 1.75]
ROx_val = 5
SYMPLEKS solution:
ROx = [-0.291666666666667 -1.5 -3 -0.833333333333333 1.75]
ROy = [0;0;0;0;1;0;0;-1;0;0]
