c = [2;0;2;1;1]
A = [-1 1 0 0 -2;2 -2 -2 2 1;-2 2 -1 1 -2;-1 2 -2 2 1;0 -2 2 -2 0]
b = [3;5;3;1;1]
d = [-3;-3;-2;-3;-2]

LINPROG solution:
   Problem is unbounded.

<strong>>>> TABELKA DLA ZD (w postaci standardowej): <<<</strong>
  c  |   -3      -5      -3      -1      -1      -3      -3      -2      -3      -2      
base |   y1      y2      y3      y4      y5      y6      y7      y8      y9      y10     b
----------------------------------------------------------------------------------------------
 y0  | -1.000   2.000  -2.000  -1.000   0.000  -1.000  -0.000  -0.000  -0.000  -0.000 |  2.000
 y0  | -1.000   2.000  -2.000  -2.000   2.000   0.000   1.000   0.000   0.000   0.000 | -0.000
 y0  |  0.000  -2.000  -1.000  -2.000   2.000  -0.000  -0.000  -1.000  -0.000  -0.000 |  2.000
 y0  |  0.000   2.000   1.000   2.000  -2.000  -0.000  -0.000  -0.000  -1.000  -0.000 |  1.000
 y0  | -2.000   1.000  -2.000   1.000   0.000  -0.000  -0.000  -0.000  -0.000  -1.000 |  1.000
==============================================================================================

<strong>>>>>> FAZA I <<<<<</strong>
<strong>Step 0</strong>
  c  |   0       0       0       0       0       0       0       0       0       0       -1      -1      -1      -1      
base |   y1      y2      y3      y4      y5      y6      y7      y8      y9      y10     y11     y12     y13     y14     b
------------------------------------------------------------------------------------------------------------------------------
 y11 | -1.000   2.000  -2.000  -1.000   0.000  -1.000  -0.000  -0.000  -0.000  -0.000   1.000   0.000   0.000   0.000 |  2.000
 y7  | -1.000   2.000  -2.000  -2.000   2.000   0.000   1.000   0.000   0.000   0.000   0.000   0.000   0.000   0.000 | -0.000
 y12 |  0.000  -2.000  -1.000  -2.000   2.000  -0.000  -0.000  -1.000  -0.000  -0.000   0.000   1.000   0.000   0.000 |  2.000
 y13 |  0.000   2.000   1.000   2.000  -2.000  -0.000  -0.000  -0.000  -1.000  -0.000   0.000   0.000   1.000   0.000 |  1.000
 y14 | -2.000   1.000  -2.000   1.000   0.000  -0.000  -0.000  -0.000  -0.000  -1.000   0.000   0.000   0.000   1.000 |  1.000
------------------------------------------------------------------------------------------------------------------------------
  z  |  3.000  -3.000   4.000   0.000   0.000   1.000   0.000   1.000   1.000   1.000  -1.000  -1.000  -1.000  -1.000 |
 z-c |  3.000  -3.000   4.000   0.000   0.000   1.000   0.000   1.000   1.000   1.000   0.000   0.000   0.000   0.000 |
==============================================================================================================================

<strong>Step 1</strong>
out: y7, in: y2
  c  |   0       0       0       0       0       0       0       0       0       0       -1      -1      -1      -1      
base |   y1      y2      y3      y4      y5      y6      y7      y8      y9      y10     y11     y12     y13     y14     b
------------------------------------------------------------------------------------------------------------------------------
 y11 |  0.000   0.000   0.000   1.000  -2.000  -1.000  -1.000  -0.000  -0.000  -0.000   1.000   0.000   0.000   0.000 |  2.000
 y2  | -0.500   1.000  -1.000  -1.000   1.000   0.000   0.500   0.000   0.000   0.000   0.000   0.000   0.000   0.000 | -0.000
 y12 | -1.000   0.000  -3.000  -4.000   4.000   0.000   1.000  -1.000   0.000   0.000   0.000   1.000   0.000   0.000 |  2.000
 y13 |  1.000   0.000   3.000   4.000  -4.000  -0.000  -1.000  -0.000  -1.000  -0.000   0.000   0.000   1.000   0.000 |  1.000
 y14 | -1.500   0.000  -1.000   2.000  -1.000  -0.000  -0.500  -0.000  -0.000  -1.000   0.000   0.000   0.000   1.000 |  1.000
------------------------------------------------------------------------------------------------------------------------------
  z  |  1.500   0.000   1.000  -3.000   3.000   1.000   1.500   1.000   1.000   1.000  -1.000  -1.000  -1.000  -1.000 |
 z-c |  1.500   0.000   1.000  -3.000   3.000   1.000   1.500   1.000   1.000   1.000   0.000   0.000   0.000   0.000 |
==============================================================================================================================

<strong>Step 2</strong>
out: y13, in: y4
  c  |   0       0       0       0       0       0       0       0       0       0       -1      -1      -1      -1      
base |   y1      y2      y3      y4      y5      y6      y7      y8      y9      y10     y11     y12     y13     y14     b
------------------------------------------------------------------------------------------------------------------------------
 y11 | -0.250   0.000  -0.750   0.000  -1.000  -1.000  -0.750   0.000   0.250   0.000   1.000   0.000  -0.250   0.000 |  1.750
 y2  | -0.250   1.000  -0.250   0.000   0.000   0.000   0.250   0.000  -0.250   0.000   0.000   0.000   0.250   0.000 |  0.250
 y12 |  0.000   0.000   0.000   0.000   0.000   0.000   0.000  -1.000  -1.000   0.000   0.000   1.000   1.000   0.000 |  3.000
 y4  |  0.250   0.000   0.750   1.000  -1.000  -0.000  -0.250  -0.000  -0.250  -0.000   0.000   0.000   0.250   0.000 |  0.250
 y14 | -2.000   0.000  -2.500   0.000   1.000   0.000   0.000   0.000   0.500  -1.000   0.000   0.000  -0.500   1.000 |  0.500
------------------------------------------------------------------------------------------------------------------------------
  z  |  2.250   0.000   3.250   0.000   0.000   1.000   0.750   1.000   0.250   1.000  -1.000  -1.000  -0.250  -1.000 |
 z-c |  2.250   0.000   3.250   0.000   0.000   1.000   0.750   1.000   0.250   1.000   0.000   0.000   0.750   0.000 |
==============================================================================================================================

<strong>Faza I zakończona (A) - ZD sprzeczne. ZP nieograniczone.</strong>
SYMPLEKS solution:
   Problem is unbounded.
