STEP 0
  c  |   3       4       -4      5       1       -4      -2      1       5       5       0       0       0       0       0       0       0       0       0       0       0       0       0       0       0       
base |   x1      x2      x3      x4      x5      x6      x7      x8      x9      x10     x11     x12     x13     x14     x15     x16     x17     x18     x19     x20     x21     x22     x23     x24     x25     b
--------------------------------------------------------------------------------------------------------------------------------------------------------------------------------------------------------------------
 x11 | -4.000  -4.000   2.000   3.000   2.000   4.000  -1.000   0.000  -2.000   0.000   1.000   0.000   0.000   0.000   0.000   0.000   0.000   0.000   0.000   0.000   0.000   0.000   0.000   0.000   0.000 | 4.000
 x12 |  5.000  -1.000  -5.000   3.000  -5.000   2.000  -1.000  -1.000   2.000   5.000   0.000   1.000   0.000   0.000   0.000   0.000   0.000   0.000   0.000   0.000   0.000   0.000   0.000   0.000   0.000 | 2.000
 x13 |  5.000   5.000   4.000  -1.000  -2.000  -2.000   3.000   2.000   2.000  -2.000   0.000   0.000   1.000   0.000   0.000   0.000   0.000   0.000   0.000   0.000   0.000   0.000   0.000   0.000   0.000 | 3.000
 x14 |  0.000   3.000   5.000   2.000  -5.000   5.000   3.000   2.000  -4.000   1.000   0.000   0.000   0.000   1.000   0.000   0.000   0.000   0.000   0.000   0.000   0.000   0.000   0.000   0.000   0.000 | 4.000
 x15 |  3.000   5.000   2.000  -4.000  -4.000  -5.000  -3.000   3.000  -4.000  -3.000   0.000   0.000   0.000   0.000   1.000   0.000   0.000   0.000   0.000   0.000   0.000   0.000   0.000   0.000   0.000 | 5.000
 x16 |  1.000   0.000   0.000   0.000   0.000   0.000   0.000   0.000   0.000   0.000   0.000   0.000   0.000   0.000   0.000   1.000   0.000   0.000   0.000   0.000   0.000   0.000   0.000   0.000   0.000 | 5.000
 x17 |  0.000   1.000   0.000   0.000   0.000   0.000   0.000   0.000   0.000   0.000   0.000   0.000   0.000   0.000   0.000   0.000   1.000   0.000   0.000   0.000   0.000   0.000   0.000   0.000   0.000 | 3.000
 x18 |  0.000   0.000   1.000   0.000   0.000   0.000   0.000   0.000   0.000   0.000   0.000   0.000   0.000   0.000   0.000   0.000   0.000   1.000   0.000   0.000   0.000   0.000   0.000   0.000   0.000 | 1.000
 x19 |  0.000   0.000   0.000   1.000   0.000   0.000   0.000   0.000   0.000   0.000   0.000   0.000   0.000   0.000   0.000   0.000   0.000   0.000   1.000   0.000   0.000   0.000   0.000   0.000   0.000 | 1.000
 x20 |  0.000   0.000   0.000   0.000   1.000   0.000   0.000   0.000   0.000   0.000   0.000   0.000   0.000   0.000   0.000   0.000   0.000   0.000   0.000   1.000   0.000   0.000   0.000   0.000   0.000 | 2.000
 x21 |  0.000   0.000   0.000   0.000   0.000   1.000   0.000   0.000   0.000   0.000   0.000   0.000   0.000   0.000   0.000   0.000   0.000   0.000   0.000   0.000   1.000   0.000   0.000   0.000   0.000 | 5.000
 x22 |  0.000   0.000   0.000   0.000   0.000   0.000   1.000   0.000   0.000   0.000   0.000   0.000   0.000   0.000   0.000   0.000   0.000   0.000   0.000   0.000   0.000   1.000   0.000   0.000   0.000 | 2.000
 x23 |  0.000   0.000   0.000   0.000   0.000   0.000   0.000   1.000   0.000   0.000   0.000   0.000   0.000   0.000   0.000   0.000   0.000   0.000   0.000   0.000   0.000   0.000   1.000   0.000   0.000 | 5.000
 x24 |  0.000   0.000   0.000   0.000   0.000   0.000   0.000   0.000   1.000   0.000   0.000   0.000   0.000   0.000   0.000   0.000   0.000   0.000   0.000   0.000   0.000   0.000   0.000   1.000   0.000 | 2.000
 x25 |  0.000   0.000   0.000   0.000   0.000   0.000   0.000   0.000   0.000   1.000   0.000   0.000   0.000   0.000   0.000   0.000   0.000   0.000   0.000   0.000   0.000   0.000   0.000   0.000   1.000 | 5.000
--------------------------------------------------------------------------------------------------------------------------------------------------------------------------------------------------------------------
  z  |  0.000   0.000   0.000   0.000   0.000   0.000   0.000   0.000   0.000   0.000   0.000   0.000   0.000   0.000   0.000   0.000   0.000   0.000   0.000   0.000   0.000   0.000   0.000   0.000   0.000 |
 z-c | -3.000  -4.000   4.000  -5.000  -1.000   4.000   2.000  -1.000  -5.000  -5.000   0.000   0.000   0.000   0.000   0.000   0.000   0.000   0.000   0.000   0.000   0.000   0.000   0.000   0.000   0.000 |
====================================================================================================================================================================================================================

STEP 1
  c  |   3       4       -4      5       1       -4      -2      1       5       5       0       0       0       0       0       0       0       0       0       0       0       0       0       0       0       
base |   x1      x2      x3      x4      x5      x6      x7      x8      x9      x10     x11     x12     x13     x14     x15     x16     x17     x18     x19     x20     x21     x22     x23     x24     x25     b
--------------------------------------------------------------------------------------------------------------------------------------------------------------------------------------------------------------------
 x11 | -9.000  -3.000   7.000   0.000   7.000   2.000   0.000   1.000  -4.000  -5.000   1.000  -1.000   0.000   0.000   0.000   0.000   0.000   0.000   0.000   0.000   0.000   0.000   0.000   0.000   0.000 | 2.000
 x4  |  1.667  -0.333  -1.667   1.000  -1.667   0.667  -0.333  -0.333   0.667   1.667   0.000   0.333   0.000   0.000   0.000   0.000   0.000   0.000   0.000   0.000   0.000   0.000   0.000   0.000   0.000 | 0.667
 x13 |  6.667   4.667   2.333   0.000  -3.667  -1.333   2.667   1.667   2.667  -0.333   0.000   0.333   1.000   0.000   0.000   0.000   0.000   0.000   0.000   0.000   0.000   0.000   0.000   0.000   0.000 | 3.667
 x14 | -3.333   3.667   8.333   0.000  -1.667   3.667   3.667   2.667  -5.333  -2.333   0.000  -0.667   0.000   1.000   0.000   0.000   0.000   0.000   0.000   0.000   0.000   0.000   0.000   0.000   0.000 | 2.667
 x15 |  9.667   3.667  -4.667   0.000 -10.667  -2.333  -4.333   1.667  -1.333   3.667   0.000   1.333   0.000   0.000   1.000   0.000   0.000   0.000   0.000   0.000   0.000   0.000   0.000   0.000   0.000 | 7.667
 x16 |  1.000   0.000   0.000   0.000   0.000   0.000   0.000   0.000   0.000   0.000   0.000   0.000   0.000   0.000   0.000   1.000   0.000   0.000   0.000   0.000   0.000   0.000   0.000   0.000   0.000 | 5.000
 x17 |  0.000   1.000   0.000   0.000   0.000   0.000   0.000   0.000   0.000   0.000   0.000   0.000   0.000   0.000   0.000   0.000   1.000   0.000   0.000   0.000   0.000   0.000   0.000   0.000   0.000 | 3.000
 x18 |  0.000   0.000   1.000   0.000   0.000   0.000   0.000   0.000   0.000   0.000   0.000   0.000   0.000   0.000   0.000   0.000   0.000   1.000   0.000   0.000   0.000   0.000   0.000   0.000   0.000 | 1.000
 x19 | -1.667   0.333   1.667   0.000   1.667  -0.667   0.333   0.333  -0.667  -1.667   0.000  -0.333   0.000   0.000   0.000   0.000   0.000   0.000   1.000   0.000   0.000   0.000   0.000   0.000   0.000 | 0.333
 x20 |  0.000   0.000   0.000   0.000   1.000   0.000   0.000   0.000   0.000   0.000   0.000   0.000   0.000   0.000   0.000   0.000   0.000   0.000   0.000   1.000   0.000   0.000   0.000   0.000   0.000 | 2.000
 x21 |  0.000   0.000   0.000   0.000   0.000   1.000   0.000   0.000   0.000   0.000   0.000   0.000   0.000   0.000   0.000   0.000   0.000   0.000   0.000   0.000   1.000   0.000   0.000   0.000   0.000 | 5.000
 x22 |  0.000   0.000   0.000   0.000   0.000   0.000   1.000   0.000   0.000   0.000   0.000   0.000   0.000   0.000   0.000   0.000   0.000   0.000   0.000   0.000   0.000   1.000   0.000   0.000   0.000 | 2.000
 x23 |  0.000   0.000   0.000   0.000   0.000   0.000   0.000   1.000   0.000   0.000   0.000   0.000   0.000   0.000   0.000   0.000   0.000   0.000   0.000   0.000   0.000   0.000   1.000   0.000   0.000 | 5.000
 x24 |  0.000   0.000   0.000   0.000   0.000   0.000   0.000   0.000   1.000   0.000   0.000   0.000   0.000   0.000   0.000   0.000   0.000   0.000   0.000   0.000   0.000   0.000   0.000   1.000   0.000 | 2.000
 x25 |  0.000   0.000   0.000   0.000   0.000   0.000   0.000   0.000   0.000   1.000   0.000   0.000   0.000   0.000   0.000   0.000   0.000   0.000   0.000   0.000   0.000   0.000   0.000   0.000   1.000 | 5.000
--------------------------------------------------------------------------------------------------------------------------------------------------------------------------------------------------------------------
  z  |  8.333  -1.667  -8.333   5.000  -8.333   3.333  -1.667  -1.667   3.333   8.333   0.000   1.667   0.000   0.000   0.000   0.000   0.000   0.000   0.000   0.000   0.000   0.000   0.000   0.000   0.000 |
 z-c |  5.333  -5.667  -4.333   0.000  -9.333   7.333   0.333  -2.667  -1.667   3.333   0.000   1.667   0.000   0.000   0.000   0.000   0.000   0.000   0.000   0.000   0.000   0.000   0.000   0.000   0.000 |
====================================================================================================================================================================================================================

STEP 2
  c  |   3       4       -4      5       1       -4      -2      1       5       5       0       0       0       0       0       0       0       0       0       0       0       0       0       0       0       
base |   x1      x2      x3      x4      x5      x6      x7      x8      x9      x10     x11     x12     x13     x14     x15     x16     x17     x18     x19     x20     x21     x22     x23     x24     x25     b
--------------------------------------------------------------------------------------------------------------------------------------------------------------------------------------------------------------------
 x11 | -2.000  -4.400   0.000   0.000   0.000   4.800  -1.400  -0.400  -1.200   2.000   1.000   0.400   0.000   0.000   0.000   0.000   0.000   0.000  -4.200   0.000   0.000   0.000   0.000   0.000   0.000 | 0.600
 x4  | -0.000   0.000   0.000   1.000   0.000  -0.000   0.000   0.000  -0.000  -0.000   0.000  -0.000   0.000   0.000   0.000   0.000   0.000   0.000   1.000   0.000   0.000   0.000   0.000   0.000   0.000 | 1.000
 x13 |  3.000   5.400   6.000   0.000   0.000  -2.800   3.400   2.400   1.200  -4.000   0.000  -0.400   1.000   0.000   0.000   0.000   0.000   0.000   2.200   0.000   0.000   0.000   0.000   0.000   0.000 | 4.400
 x14 | -5.000   4.000  10.000   0.000   0.000   3.000   4.000   3.000  -6.000  -4.000   0.000  -1.000   0.000   1.000   0.000   0.000   0.000   0.000   1.000   0.000   0.000   0.000   0.000   0.000   0.000 | 3.000
 x15 | -1.000   5.800   6.000   0.000   0.000  -6.600  -2.200   3.800  -5.600  -7.000   0.000  -0.800   0.000   0.000   1.000   0.000   0.000   0.000   6.400   0.000   0.000   0.000   0.000   0.000   0.000 | 9.800
 x16 |  1.000   0.000   0.000   0.000   0.000   0.000   0.000   0.000   0.000   0.000   0.000   0.000   0.000   0.000   0.000   1.000   0.000   0.000   0.000   0.000   0.000   0.000   0.000   0.000   0.000 | 5.000
 x17 |  0.000   1.000   0.000   0.000   0.000   0.000   0.000   0.000   0.000   0.000   0.000   0.000   0.000   0.000   0.000   0.000   1.000   0.000   0.000   0.000   0.000   0.000   0.000   0.000   0.000 | 3.000
 x18 |  0.000   0.000   1.000   0.000   0.000   0.000   0.000   0.000   0.000   0.000   0.000   0.000   0.000   0.000   0.000   0.000   0.000   1.000   0.000   0.000   0.000   0.000   0.000   0.000   0.000 | 1.000
 x5  | -1.000   0.200   1.000   0.000   1.000  -0.400   0.200   0.200  -0.400  -1.000   0.000  -0.200   0.000   0.000   0.000   0.000   0.000   0.000   0.600   0.000   0.000   0.000   0.000   0.000   0.000 | 0.200
 x20 |  1.000  -0.200  -1.000   0.000   0.000   0.400  -0.200  -0.200   0.400   1.000   0.000   0.200   0.000   0.000   0.000   0.000   0.000   0.000  -0.600   1.000   0.000   0.000   0.000   0.000   0.000 | 1.800
 x21 |  0.000   0.000   0.000   0.000   0.000   1.000   0.000   0.000   0.000   0.000   0.000   0.000   0.000   0.000   0.000   0.000   0.000   0.000   0.000   0.000   1.000   0.000   0.000   0.000   0.000 | 5.000
 x22 |  0.000   0.000   0.000   0.000   0.000   0.000   1.000   0.000   0.000   0.000   0.000   0.000   0.000   0.000   0.000   0.000   0.000   0.000   0.000   0.000   0.000   1.000   0.000   0.000   0.000 | 2.000
 x23 |  0.000   0.000   0.000   0.000   0.000   0.000   0.000   1.000   0.000   0.000   0.000   0.000   0.000   0.000   0.000   0.000   0.000   0.000   0.000   0.000   0.000   0.000   1.000   0.000   0.000 | 5.000
 x24 |  0.000   0.000   0.000   0.000   0.000   0.000   0.000   0.000   1.000   0.000   0.000   0.000   0.000   0.000   0.000   0.000   0.000   0.000   0.000   0.000   0.000   0.000   0.000   1.000   0.000 | 2.000
 x25 |  0.000   0.000   0.000   0.000   0.000   0.000   0.000   0.000   0.000   1.000   0.000   0.000   0.000   0.000   0.000   0.000   0.000   0.000   0.000   0.000   0.000   0.000   0.000   0.000   1.000 | 5.000
--------------------------------------------------------------------------------------------------------------------------------------------------------------------------------------------------------------------
  z  | -1.000   0.200   1.000   5.000   1.000  -0.400   0.200   0.200  -0.400  -1.000   0.000  -0.200   0.000   0.000   0.000   0.000   0.000   0.000   5.600   0.000   0.000   0.000   0.000   0.000   0.000 |
 z-c | -4.000  -3.800   5.000   0.000   0.000   3.600   2.200  -0.800  -5.400  -6.000   0.000  -0.200   0.000   0.000   0.000   0.000   0.000   0.000   5.600   0.000   0.000   0.000   0.000   0.000   0.000 |
====================================================================================================================================================================================================================

STEP 3
  c  |   3       4       -4      5       1       -4      -2      1       5       5       0       0       0       0       0       0       0       0       0       0       0       0       0       0       0       
base |   x1      x2      x3      x4      x5      x6      x7      x8      x9      x10     x11     x12     x13     x14     x15     x16     x17     x18     x19     x20     x21     x22     x23     x24     x25     b
--------------------------------------------------------------------------------------------------------------------------------------------------------------------------------------------------------------------
 x10 | -1.000  -2.200   0.000   0.000   0.000   2.400  -0.700  -0.200  -0.600   1.000   0.500   0.200   0.000   0.000   0.000   0.000   0.000   0.000  -2.100   0.000   0.000   0.000   0.000   0.000   0.000 | 0.300
 x4  | -0.000  -0.000   0.000   1.000   0.000   0.000  -0.000   0.000  -0.000   0.000   0.000  -0.000   0.000   0.000   0.000   0.000   0.000   0.000   1.000   0.000   0.000   0.000   0.000   0.000   0.000 | 1.000
 x13 | -1.000  -3.400   6.000   0.000   0.000   6.800   0.600   1.600  -1.200   0.000   2.000   0.400   1.000   0.000   0.000   0.000   0.000   0.000  -6.200   0.000   0.000   0.000   0.000   0.000   0.000 | 5.600
 x14 | -9.000  -4.800  10.000   0.000   0.000  12.600   1.200   2.200  -8.400   0.000   2.000  -0.200   0.000   1.000   0.000   0.000   0.000   0.000  -7.400   0.000   0.000   0.000   0.000   0.000   0.000 | 4.200
 x15 | -8.000  -9.600   6.000   0.000   0.000  10.200  -7.100   2.400  -9.800   0.000   3.500   0.600   0.000   0.000   1.000   0.000   0.000   0.000  -8.300   0.000   0.000   0.000   0.000   0.000   0.000 | 11.900
 x16 |  1.000   0.000   0.000   0.000   0.000   0.000   0.000   0.000   0.000   0.000   0.000   0.000   0.000   0.000   0.000   1.000   0.000   0.000   0.000   0.000   0.000   0.000   0.000   0.000   0.000 | 5.000
 x17 |  0.000   1.000   0.000   0.000   0.000   0.000   0.000   0.000   0.000   0.000   0.000   0.000   0.000   0.000   0.000   0.000   1.000   0.000   0.000   0.000   0.000   0.000   0.000   0.000   0.000 | 3.000
 x18 |  0.000   0.000   1.000   0.000   0.000   0.000   0.000   0.000   0.000   0.000   0.000   0.000   0.000   0.000   0.000   0.000   0.000   1.000   0.000   0.000   0.000   0.000   0.000   0.000   0.000 | 1.000
 x5  | -2.000  -2.000   1.000   0.000   1.000   2.000  -0.500   0.000  -1.000   0.000   0.500  -0.000   0.000   0.000   0.000   0.000   0.000   0.000  -1.500   0.000   0.000   0.000   0.000   0.000   0.000 | 0.500
 x20 |  2.000   2.000  -1.000   0.000   0.000  -2.000   0.500  -0.000   1.000   0.000  -0.500   0.000   0.000   0.000   0.000   0.000   0.000   0.000   1.500   1.000   0.000   0.000   0.000   0.000   0.000 | 1.500
 x21 |  0.000   0.000   0.000   0.000   0.000   1.000   0.000   0.000   0.000   0.000   0.000   0.000   0.000   0.000   0.000   0.000   0.000   0.000   0.000   0.000   1.000   0.000   0.000   0.000   0.000 | 5.000
 x22 |  0.000   0.000   0.000   0.000   0.000   0.000   1.000   0.000   0.000   0.000   0.000   0.000   0.000   0.000   0.000   0.000   0.000   0.000   0.000   0.000   0.000   1.000   0.000   0.000   0.000 | 2.000
 x23 |  0.000   0.000   0.000   0.000   0.000   0.000   0.000   1.000   0.000   0.000   0.000   0.000   0.000   0.000   0.000   0.000   0.000   0.000   0.000   0.000   0.000   0.000   1.000   0.000   0.000 | 5.000
 x24 |  0.000   0.000   0.000   0.000   0.000   0.000   0.000   0.000   1.000   0.000   0.000   0.000   0.000   0.000   0.000   0.000   0.000   0.000   0.000   0.000   0.000   0.000   0.000   1.000   0.000 | 2.000
 x25 |  1.000   2.200   0.000   0.000   0.000  -2.400   0.700   0.200   0.600   0.000  -0.500  -0.200   0.000   0.000   0.000   0.000   0.000   0.000   2.100   0.000   0.000   0.000   0.000   0.000   1.000 | 4.700
--------------------------------------------------------------------------------------------------------------------------------------------------------------------------------------------------------------------
  z  | -7.000 -13.000   1.000   5.000   1.000  14.000  -4.000  -1.000  -4.000   5.000   3.000   1.000   0.000   0.000   0.000   0.000   0.000   0.000  -7.000   0.000   0.000   0.000   0.000   0.000   0.000 |
 z-c |-10.000 -17.000   5.000   0.000   0.000  18.000  -2.000  -2.000  -9.000   0.000   3.000   1.000   0.000   0.000   0.000   0.000   0.000   0.000  -7.000   0.000   0.000   0.000   0.000   0.000   0.000 |
====================================================================================================================================================================================================================

STEP 4
  c  |   3       4       -4      5       1       -4      -2      1       5       5       0       0       0       0       0       0       0       0       0       0       0       0       0       0       0       
base |   x1      x2      x3      x4      x5      x6      x7      x8      x9      x10     x11     x12     x13     x14     x15     x16     x17     x18     x19     x20     x21     x22     x23     x24     x25     b
--------------------------------------------------------------------------------------------------------------------------------------------------------------------------------------------------------------------
 x10 |  1.200   0.000  -1.100   0.000   0.000   0.200  -0.150  -0.200   0.500   1.000  -0.050   0.200   0.000   0.000   0.000   0.000   0.000   0.000  -0.450   1.100   0.000   0.000   0.000   0.000   0.000 | 1.950
 x4  | -0.000   0.000   0.000   1.000   0.000  -0.000   0.000   0.000  -0.000   0.000   0.000  -0.000   0.000   0.000   0.000   0.000   0.000   0.000   1.000   0.000   0.000   0.000   0.000   0.000   0.000 | 1.000
 x13 |  2.400   0.000   4.300   0.000   0.000   3.400   1.450   1.600   0.500   0.000   1.150   0.400   1.000   0.000   0.000   0.000   0.000   0.000  -3.650   1.700   0.000   0.000   0.000   0.000   0.000 | 8.150
 x14 | -4.200   0.000   7.600   0.000   0.000   7.800   2.400   2.200  -6.000   0.000   0.800  -0.200   0.000   1.000   0.000   0.000   0.000   0.000  -3.800   2.400   0.000   0.000   0.000   0.000   0.000 | 7.800
 x15 |  1.600   0.000   1.200   0.000   0.000   0.600  -4.700   2.400  -5.000   0.000   1.100   0.600   0.000   0.000   1.000   0.000   0.000   0.000  -1.100   4.800   0.000   0.000   0.000   0.000   0.000 | 19.100
 x16 |  1.000   0.000   0.000   0.000   0.000   0.000   0.000   0.000   0.000   0.000   0.000   0.000   0.000   0.000   0.000   1.000   0.000   0.000   0.000   0.000   0.000   0.000   0.000   0.000   0.000 | 5.000
 x17 | -1.000   0.000   0.500   0.000   0.000   1.000  -0.250   0.000  -0.500   0.000   0.250  -0.000   0.000   0.000   0.000   0.000   1.000   0.000  -0.750  -0.500   0.000   0.000   0.000   0.000   0.000 | 2.250
 x18 |  0.000   0.000   1.000   0.000   0.000   0.000   0.000   0.000   0.000   0.000   0.000   0.000   0.000   0.000   0.000   0.000   0.000   1.000   0.000   0.000   0.000   0.000   0.000   0.000   0.000 | 1.000
 x5  |  0.000   0.000   0.000   0.000   1.000   0.000   0.000   0.000   0.000   0.000   0.000   0.000   0.000   0.000   0.000   0.000   0.000   0.000   0.000   1.000   0.000   0.000   0.000   0.000   0.000 | 2.000
 x2  |  1.000   1.000  -0.500   0.000   0.000  -1.000   0.250  -0.000   0.500   0.000  -0.250   0.000   0.000   0.000   0.000   0.000   0.000   0.000   0.750   0.500   0.000   0.000   0.000   0.000   0.000 | 0.750
 x21 |  0.000   0.000   0.000   0.000   0.000   1.000   0.000   0.000   0.000   0.000   0.000   0.000   0.000   0.000   0.000   0.000   0.000   0.000   0.000   0.000   1.000   0.000   0.000   0.000   0.000 | 5.000
 x22 |  0.000   0.000   0.000   0.000   0.000   0.000   1.000   0.000   0.000   0.000   0.000   0.000   0.000   0.000   0.000   0.000   0.000   0.000   0.000   0.000   0.000   1.000   0.000   0.000   0.000 | 2.000
 x23 |  0.000   0.000   0.000   0.000   0.000   0.000   0.000   1.000   0.000   0.000   0.000   0.000   0.000   0.000   0.000   0.000   0.000   0.000   0.000   0.000   0.000   0.000   1.000   0.000   0.000 | 5.000
 x24 |  0.000   0.000   0.000   0.000   0.000   0.000   0.000   0.000   1.000   0.000   0.000   0.000   0.000   0.000   0.000   0.000   0.000   0.000   0.000   0.000   0.000   0.000   0.000   1.000   0.000 | 2.000
 x25 | -1.200   0.000   1.100   0.000   0.000  -0.200   0.150   0.200  -0.500   0.000   0.050  -0.200   0.000   0.000   0.000   0.000   0.000   0.000   0.450  -1.100   0.000   0.000   0.000   0.000   1.000 | 3.050
--------------------------------------------------------------------------------------------------------------------------------------------------------------------------------------------------------------------
  z  | 10.000   4.000  -7.500   5.000   1.000  -3.000   0.250  -1.000   4.500   5.000  -1.250   1.000   0.000   0.000   0.000   0.000   0.000   0.000   5.750   8.500   0.000   0.000   0.000   0.000   0.000 |
 z-c |  7.000   0.000  -3.500   0.000   0.000   1.000   2.250  -2.000  -0.500   0.000  -1.250   1.000   0.000   0.000   0.000   0.000   0.000   0.000   5.750   8.500   0.000   0.000   0.000   0.000   0.000 |
====================================================================================================================================================================================================================

STEP 5
  c  |   3       4       -4      5       1       -4      -2      1       5       5       0       0       0       0       0       0       0       0       0       0       0       0       0       0       0       
base |   x1      x2      x3      x4      x5      x6      x7      x8      x9      x10     x11     x12     x13     x14     x15     x16     x17     x18     x19     x20     x21     x22     x23     x24     x25     b
--------------------------------------------------------------------------------------------------------------------------------------------------------------------------------------------------------------------
 x10 |  1.200   0.000   0.000   0.000   0.000   0.200  -0.150  -0.200   0.500   1.000  -0.050   0.200   0.000   0.000   0.000   0.000   0.000   1.100  -0.450   1.100   0.000   0.000   0.000   0.000   0.000 | 3.050
 x4  | -0.000   0.000   0.000   1.000   0.000  -0.000   0.000   0.000  -0.000   0.000   0.000  -0.000   0.000   0.000   0.000   0.000   0.000  -0.000   1.000   0.000   0.000   0.000   0.000   0.000   0.000 | 1.000
 x13 |  2.400   0.000   0.000   0.000   0.000   3.400   1.450   1.600   0.500   0.000   1.150   0.400   1.000   0.000   0.000   0.000   0.000  -4.300  -3.650   1.700   0.000   0.000   0.000   0.000   0.000 | 3.850
 x14 | -4.200   0.000   0.000   0.000   0.000   7.800   2.400   2.200  -6.000   0.000   0.800  -0.200   0.000   1.000   0.000   0.000   0.000  -7.600  -3.800   2.400   0.000   0.000   0.000   0.000   0.000 | 0.200
 x15 |  1.600   0.000   0.000   0.000   0.000   0.600  -4.700   2.400  -5.000   0.000   1.100   0.600   0.000   0.000   1.000   0.000   0.000  -1.200  -1.100   4.800   0.000   0.000   0.000   0.000   0.000 | 17.900
 x16 |  1.000   0.000   0.000   0.000   0.000   0.000   0.000   0.000   0.000   0.000   0.000   0.000   0.000   0.000   0.000   1.000   0.000   0.000   0.000   0.000   0.000   0.000   0.000   0.000   0.000 | 5.000
 x17 | -1.000   0.000   0.000   0.000   0.000   1.000  -0.250   0.000  -0.500   0.000   0.250  -0.000   0.000   0.000   0.000   0.000   1.000  -0.500  -0.750  -0.500   0.000   0.000   0.000   0.000   0.000 | 1.750
 x3  |  0.000   0.000   1.000   0.000   0.000   0.000   0.000   0.000   0.000   0.000   0.000   0.000   0.000   0.000   0.000   0.000   0.000   1.000   0.000   0.000   0.000   0.000   0.000   0.000   0.000 | 1.000
 x5  |  0.000   0.000   0.000   0.000   1.000   0.000   0.000   0.000   0.000   0.000   0.000   0.000   0.000   0.000   0.000   0.000   0.000   0.000   0.000   1.000   0.000   0.000   0.000   0.000   0.000 | 2.000
 x2  |  1.000   1.000   0.000   0.000   0.000  -1.000   0.250  -0.000   0.500   0.000  -0.250   0.000   0.000   0.000   0.000   0.000   0.000   0.500   0.750   0.500   0.000   0.000   0.000   0.000   0.000 | 1.250
 x21 |  0.000   0.000   0.000   0.000   0.000   1.000   0.000   0.000   0.000   0.000   0.000   0.000   0.000   0.000   0.000   0.000   0.000   0.000   0.000   0.000   1.000   0.000   0.000   0.000   0.000 | 5.000
 x22 |  0.000   0.000   0.000   0.000   0.000   0.000   1.000   0.000   0.000   0.000   0.000   0.000   0.000   0.000   0.000   0.000   0.000   0.000   0.000   0.000   0.000   1.000   0.000   0.000   0.000 | 2.000
 x23 |  0.000   0.000   0.000   0.000   0.000   0.000   0.000   1.000   0.000   0.000   0.000   0.000   0.000   0.000   0.000   0.000   0.000   0.000   0.000   0.000   0.000   0.000   1.000   0.000   0.000 | 5.000
 x24 |  0.000   0.000   0.000   0.000   0.000   0.000   0.000   0.000   1.000   0.000   0.000   0.000   0.000   0.000   0.000   0.000   0.000   0.000   0.000   0.000   0.000   0.000   0.000   1.000   0.000 | 2.000
 x25 | -1.200   0.000   0.000   0.000   0.000  -0.200   0.150   0.200  -0.500   0.000   0.050  -0.200   0.000   0.000   0.000   0.000   0.000  -1.100   0.450  -1.100   0.000   0.000   0.000   0.000   1.000 | 1.950
--------------------------------------------------------------------------------------------------------------------------------------------------------------------------------------------------------------------
  z  | 10.000   4.000  -4.000   5.000   1.000  -3.000   0.250  -1.000   4.500   5.000  -1.250   1.000   0.000   0.000   0.000   0.000   0.000   3.500   5.750   8.500   0.000   0.000   0.000   0.000   0.000 |
 z-c |  7.000   0.000   0.000   0.000   0.000   1.000   2.250  -2.000  -0.500   0.000  -1.250   1.000   0.000   0.000   0.000   0.000   0.000   3.500   5.750   8.500   0.000   0.000   0.000   0.000   0.000 |
====================================================================================================================================================================================================================

STEP 6
  c  |   3       4       -4      5       1       -4      -2      1       5       5       0       0       0       0       0       0       0       0       0       0       0       0       0       0       0       
base |   x1      x2      x3      x4      x5      x6      x7      x8      x9      x10     x11     x12     x13     x14     x15     x16     x17     x18     x19     x20     x21     x22     x23     x24     x25     b
--------------------------------------------------------------------------------------------------------------------------------------------------------------------------------------------------------------------
 x10 |  0.818   0.000   0.000   0.000   0.000   0.909   0.068   0.000  -0.045   1.000   0.023   0.182   0.000   0.091   0.000   0.000   0.000   0.409  -0.795   1.318   0.000   0.000   0.000   0.000   0.000 | 3.068
 x4  |  0.000   0.000   0.000   1.000   0.000  -0.000  -0.000   0.000   0.000   0.000  -0.000  -0.000   0.000  -0.000   0.000   0.000   0.000   0.000   1.000   0.000   0.000   0.000   0.000   0.000   0.000 | 1.000
 x13 |  5.455   0.000   0.000   0.000   0.000  -2.273  -0.295   0.000   4.864   0.000   0.568   0.545   1.000  -0.727   0.000   0.000   0.000   1.227  -0.886  -0.045   0.000   0.000   0.000   0.000   0.000 | 3.705
 x8  | -1.909   0.000   0.000   0.000   0.000   3.545   1.091   1.000  -2.727   0.000   0.364  -0.091   0.000   0.455   0.000   0.000   0.000  -3.455  -1.727   1.091   0.000   0.000   0.000   0.000   0.000 | 0.091
 x15 |  6.182   0.000   0.000   0.000   0.000  -7.909  -7.318   0.000   1.545   0.000   0.227   0.818   0.000  -1.091   1.000   0.000   0.000   7.091   3.045   2.182   0.000   0.000   0.000   0.000   0.000 | 17.682
 x16 |  1.000   0.000   0.000   0.000   0.000   0.000   0.000   0.000   0.000   0.000   0.000   0.000   0.000   0.000   0.000   1.000   0.000   0.000   0.000   0.000   0.000   0.000   0.000   0.000   0.000 | 5.000
 x17 | -1.000   0.000   0.000   0.000   0.000   1.000  -0.250   0.000  -0.500   0.000   0.250  -0.000   0.000  -0.000   0.000   0.000   1.000  -0.500  -0.750  -0.500   0.000   0.000   0.000   0.000   0.000 | 1.750
 x3  |  0.000   0.000   1.000   0.000   0.000   0.000   0.000   0.000   0.000   0.000   0.000   0.000   0.000   0.000   0.000   0.000   0.000   1.000   0.000   0.000   0.000   0.000   0.000   0.000   0.000 | 1.000
 x5  |  0.000   0.000   0.000   0.000   1.000   0.000   0.000   0.000   0.000   0.000   0.000   0.000   0.000   0.000   0.000   0.000   0.000   0.000   0.000   1.000   0.000   0.000   0.000   0.000   0.000 | 2.000
 x2  |  1.000   1.000   0.000   0.000   0.000  -1.000   0.250   0.000   0.500   0.000  -0.250   0.000   0.000   0.000   0.000   0.000   0.000   0.500   0.750   0.500   0.000   0.000   0.000   0.000   0.000 | 1.250
 x21 |  0.000   0.000   0.000   0.000   0.000   1.000   0.000   0.000   0.000   0.000   0.000   0.000   0.000   0.000   0.000   0.000   0.000   0.000   0.000   0.000   1.000   0.000   0.000   0.000   0.000 | 5.000
 x22 |  0.000   0.000   0.000   0.000   0.000   0.000   1.000   0.000   0.000   0.000   0.000   0.000   0.000   0.000   0.000   0.000   0.000   0.000   0.000   0.000   0.000   1.000   0.000   0.000   0.000 | 2.000
 x23 |  1.909   0.000   0.000   0.000   0.000  -3.545  -1.091   0.000   2.727   0.000  -0.364   0.091   0.000  -0.455   0.000   0.000   0.000   3.455   1.727  -1.091   0.000   0.000   1.000   0.000   0.000 | 4.909
 x24 |  0.000   0.000   0.000   0.000   0.000   0.000   0.000   0.000   1.000   0.000   0.000   0.000   0.000   0.000   0.000   0.000   0.000   0.000   0.000   0.000   0.000   0.000   0.000   1.000   0.000 | 2.000
 x25 | -0.818   0.000   0.000   0.000   0.000  -0.909  -0.068   0.000   0.045   0.000  -0.023  -0.182   0.000  -0.091   0.000   0.000   0.000  -0.409   0.795  -1.318   0.000   0.000   0.000   0.000   1.000 | 1.932
--------------------------------------------------------------------------------------------------------------------------------------------------------------------------------------------------------------------
  z  |  6.182   4.000  -4.000   5.000   1.000   4.091   2.432   1.000  -0.955   5.000  -0.523   0.818   0.000   0.909   0.000   0.000   0.000  -3.409   2.295  10.682   0.000   0.000   0.000   0.000   0.000 |
 z-c |  3.182   0.000   0.000   0.000   0.000   8.091   4.432   0.000  -5.955   0.000  -0.523   0.818   0.000   0.909   0.000   0.000   0.000  -3.409   2.295  10.682   0.000   0.000   0.000   0.000   0.000 |
====================================================================================================================================================================================================================

STEP 7
  c  |   3       4       -4      5       1       -4      -2      1       5       5       0       0       0       0       0       0       0       0       0       0       0       0       0       0       0       
base |   x1      x2      x3      x4      x5      x6      x7      x8      x9      x10     x11     x12     x13     x14     x15     x16     x17     x18     x19     x20     x21     x22     x23     x24     x25     b
--------------------------------------------------------------------------------------------------------------------------------------------------------------------------------------------------------------------
 x10 |  0.869   0.000   0.000   0.000   0.000   0.888   0.065   0.000   0.000   1.000   0.028   0.187   0.009   0.084   0.000   0.000   0.000   0.421  -0.804   1.318   0.000   0.000   0.000   0.000   0.000 | 3.103
 x4  |  0.000   0.000   0.000   1.000   0.000  -0.000  -0.000  -0.000   0.000   0.000  -0.000  -0.000  -0.000  -0.000   0.000   0.000   0.000   0.000   1.000   0.000   0.000   0.000   0.000   0.000   0.000 | 1.000
 x9  |  1.121   0.000   0.000   0.000   0.000  -0.467  -0.061   0.000   1.000   0.000   0.117   0.112   0.206  -0.150   0.000   0.000   0.000   0.252  -0.182  -0.009   0.000   0.000   0.000   0.000   0.000 | 0.762
 x8  |  1.150   0.000   0.000   0.000   0.000   2.271   0.925   1.000   0.000   0.000   0.682   0.215   0.561   0.047   0.000   0.000   0.000  -2.766  -2.224   1.065   0.000   0.000   0.000   0.000   0.000 | 2.168
 x15 |  4.449   0.000   0.000   0.000   0.000  -7.187  -7.224  -0.000   0.000   0.000   0.047   0.645  -0.318  -0.860   1.000   0.000   0.000   6.701   3.327   2.196   0.000   0.000   0.000   0.000   0.000 | 16.505
 x16 |  1.000   0.000   0.000   0.000   0.000   0.000   0.000   0.000   0.000   0.000   0.000   0.000   0.000   0.000   0.000   1.000   0.000   0.000   0.000   0.000   0.000   0.000   0.000   0.000   0.000 | 5.000
 x17 | -0.439   0.000   0.000   0.000   0.000   0.766  -0.280   0.000   0.000   0.000   0.308   0.056   0.103  -0.075   0.000   0.000   1.000  -0.374  -0.841  -0.505   0.000   0.000   0.000   0.000   0.000 | 2.131
 x3  |  0.000   0.000   1.000   0.000   0.000   0.000   0.000   0.000   0.000   0.000   0.000   0.000   0.000   0.000   0.000   0.000   0.000   1.000   0.000   0.000   0.000   0.000   0.000   0.000   0.000 | 1.000
 x5  |  0.000   0.000   0.000   0.000   1.000   0.000   0.000   0.000   0.000   0.000   0.000   0.000   0.000   0.000   0.000   0.000   0.000   0.000   0.000   1.000   0.000   0.000   0.000   0.000   0.000 | 2.000
 x2  |  0.439   1.000   0.000   0.000   0.000  -0.766   0.280  -0.000   0.000   0.000  -0.308  -0.056  -0.103   0.075   0.000   0.000   0.000   0.374   0.841   0.505   0.000   0.000   0.000   0.000   0.000 | 0.869
 x21 |  0.000   0.000   0.000   0.000   0.000   1.000   0.000   0.000   0.000   0.000   0.000   0.000   0.000   0.000   0.000   0.000   0.000   0.000   0.000   0.000   1.000   0.000   0.000   0.000   0.000 | 5.000
 x22 |  0.000   0.000   0.000   0.000   0.000   0.000   1.000   0.000   0.000   0.000   0.000   0.000   0.000   0.000   0.000   0.000   0.000   0.000   0.000   0.000   0.000   1.000   0.000   0.000   0.000 | 2.000
 x23 | -1.150   0.000   0.000   0.000   0.000  -2.271  -0.925  -0.000   0.000   0.000  -0.682  -0.215  -0.561  -0.047   0.000   0.000   0.000   2.766   2.224  -1.065   0.000   0.000   1.000   0.000   0.000 | 2.832
 x24 | -1.121   0.000   0.000   0.000   0.000   0.467   0.061  -0.000   0.000   0.000  -0.117  -0.112  -0.206   0.150   0.000   0.000   0.000  -0.252   0.182   0.009   0.000   0.000   0.000   1.000   0.000 | 1.238
 x25 | -0.869   0.000   0.000   0.000   0.000  -0.888  -0.065  -0.000   0.000   0.000  -0.028  -0.187  -0.009  -0.084   0.000   0.000   0.000  -0.421   0.804  -1.318   0.000   0.000   0.000   0.000   1.000 | 1.897
--------------------------------------------------------------------------------------------------------------------------------------------------------------------------------------------------------------------
  z  | 12.860   4.000  -4.000   5.000   1.000   1.308   2.070   1.000   5.000   5.000   0.173   1.486   1.224   0.019   0.000   0.000   0.000  -1.907   1.210  10.626   0.000   0.000   0.000   0.000   0.000 |
 z-c |  9.860   0.000   0.000   0.000   0.000   5.308   4.070   0.000   0.000   0.000   0.173   1.486   1.224   0.019   0.000   0.000   0.000  -1.907   1.210  10.626   0.000   0.000   0.000   0.000   0.000 |
====================================================================================================================================================================================================================

STEP 8
  c  |   3       4       -4      5       1       -4      -2      1       5       5       0       0       0       0       0       0       0       0       0       0       0       0       0       0       0       
base |   x1      x2      x3      x4      x5      x6      x7      x8      x9      x10     x11     x12     x13     x14     x15     x16     x17     x18     x19     x20     x21     x22     x23     x24     x25     b
--------------------------------------------------------------------------------------------------------------------------------------------------------------------------------------------------------------------
 x10 |  0.869   0.000  -0.421   0.000   0.000   0.888   0.065   0.000   0.000   1.000   0.028   0.187   0.009   0.084   0.000   0.000   0.000   0.000  -0.804   1.318   0.000   0.000   0.000   0.000   0.000 | 2.682
 x4  |  0.000   0.000  -0.000   1.000   0.000  -0.000  -0.000  -0.000   0.000   0.000  -0.000  -0.000  -0.000  -0.000   0.000   0.000   0.000   0.000   1.000   0.000   0.000   0.000   0.000   0.000   0.000 | 1.000
 x9  |  1.121   0.000  -0.252   0.000   0.000  -0.467  -0.061   0.000   1.000   0.000   0.117   0.112   0.206  -0.150   0.000   0.000   0.000   0.000  -0.182  -0.009   0.000   0.000   0.000   0.000   0.000 | 0.509
 x8  |  1.150   0.000   2.766   0.000   0.000   2.271   0.925   1.000   0.000   0.000   0.682   0.215   0.561   0.047   0.000   0.000   0.000   0.000  -2.224   1.065   0.000   0.000   0.000   0.000   0.000 | 4.935
 x15 |  4.449   0.000  -6.701   0.000   0.000  -7.187  -7.224  -0.000   0.000   0.000   0.047   0.645  -0.318  -0.860   1.000   0.000   0.000   0.000   3.327   2.196   0.000   0.000   0.000   0.000   0.000 | 9.804
 x16 |  1.000   0.000   0.000   0.000   0.000   0.000   0.000   0.000   0.000   0.000   0.000   0.000   0.000   0.000   0.000   1.000   0.000   0.000   0.000   0.000   0.000   0.000   0.000   0.000   0.000 | 5.000
 x17 | -0.439   0.000   0.374   0.000   0.000   0.766  -0.280   0.000   0.000   0.000   0.308   0.056   0.103  -0.075   0.000   0.000   1.000   0.000  -0.841  -0.505   0.000   0.000   0.000   0.000   0.000 | 2.505
 x18 |  0.000   0.000   1.000   0.000   0.000   0.000   0.000   0.000   0.000   0.000   0.000   0.000   0.000   0.000   0.000   0.000   0.000   1.000   0.000   0.000   0.000   0.000   0.000   0.000   0.000 | 1.000
 x5  |  0.000   0.000   0.000   0.000   1.000   0.000   0.000   0.000   0.000   0.000   0.000   0.000   0.000   0.000   0.000   0.000   0.000   0.000   0.000   1.000   0.000   0.000   0.000   0.000   0.000 | 2.000
 x2  |  0.439   1.000  -0.374   0.000   0.000  -0.766   0.280  -0.000   0.000   0.000  -0.308  -0.056  -0.103   0.075   0.000   0.000   0.000   0.000   0.841   0.505   0.000   0.000   0.000   0.000   0.000 | 0.495
 x21 |  0.000   0.000   0.000   0.000   0.000   1.000   0.000   0.000   0.000   0.000   0.000   0.000   0.000   0.000   0.000   0.000   0.000   0.000   0.000   0.000   1.000   0.000   0.000   0.000   0.000 | 5.000
 x22 |  0.000   0.000   0.000   0.000   0.000   0.000   1.000   0.000   0.000   0.000   0.000   0.000   0.000   0.000   0.000   0.000   0.000   0.000   0.000   0.000   0.000   1.000   0.000   0.000   0.000 | 2.000
 x23 | -1.150   0.000  -2.766   0.000   0.000  -2.271  -0.925  -0.000   0.000   0.000  -0.682  -0.215  -0.561  -0.047   0.000   0.000   0.000   0.000   2.224  -1.065   0.000   0.000   1.000   0.000   0.000 | 0.065
 x24 | -1.121   0.000   0.252   0.000   0.000   0.467   0.061  -0.000   0.000   0.000  -0.117  -0.112  -0.206   0.150   0.000   0.000   0.000   0.000   0.182   0.009   0.000   0.000   0.000   1.000   0.000 | 1.491
 x25 | -0.869   0.000   0.421   0.000   0.000  -0.888  -0.065  -0.000   0.000   0.000  -0.028  -0.187  -0.009  -0.084   0.000   0.000   0.000   0.000   0.804  -1.318   0.000   0.000   0.000   0.000   1.000 | 2.318
--------------------------------------------------------------------------------------------------------------------------------------------------------------------------------------------------------------------
  z  | 12.860   4.000  -2.093   5.000   1.000   1.308   2.070   1.000   5.000   5.000   0.173   1.486   1.224   0.019   0.000   0.000   0.000   0.000   1.210  10.626   0.000   0.000   0.000   0.000   0.000 |
 z-c |  9.860   0.000   1.907   0.000   0.000   5.308   4.070   0.000   0.000   0.000   0.173   1.486   1.224   0.019   0.000   0.000   0.000   0.000   1.210  10.626   0.000   0.000   0.000   0.000   0.000 |
====================================================================================================================================================================================================================

Optimal solution:
	0.000000 0.495327 0.000000 1.000000 2.000000 0.000000 0.000000 4.934579 0.509346 2.682243 
Optimal value: 29.873832
Solution is unique.
